#
# HistParam_E63_250719
#

#
# TH1
#
# key		nbinsx	xlow	xup

TGTNhits	2	-0.5	1.5
TGTHitPat	1	-0.5	0.5
TGTX		100	-100	100
TGTY		100	-100	100
TGTZ		2000	-1000	1000
TGTU		100	-0.2	0.4
TGTV		100	-0.1	0.1

SDC1Nhits	35	-0.5	34.5
SDC1HitPat	34	-0.5	33.5
SDC1X		100	-100	100
SDC1Y		100	-100	100
SDC1Z		2000	-1000	1000
SDC1U		100	-0.2	0.2
SDC1V		100	-0.1	0.1

SDC2Nhits	35	-0.5	34.5
SDC2HitPat	34	-0.5	33.5
SDC2X		100	-100	100
SDC2Y		100	-100	100
SDC2Z		2000	-1000	1000
SDC2U		100	-0.2	0.2
SDC2V		100	-0.1	0.1

SDC3Nhits	35	-0.5	34.5
SDC3HitPat	34	-0.5	33.5
SDC3X		100	-100	100
SDC3Y		100	-100	100
SDC3Z		2000	-1000	1000
SDC3U		100	-0.2	0.2
SDC3V		100	-0.1	0.1

SDC4Nhits	35	-0.5	34.5
SDC4HitPat	34	-0.5	33.5
SDC4X		100	-100	100
SDC4Y		100	-100	100
SDC4Z		2000	-1000	1000
SDC4U		100	-0.2	0.2
SDC4V		100	-0.1	0.1

SDC5Nhits	35	-0.5	34.5
SDC5HitPat	34	-0.5	33.5
SDC5X		100	-100	100
SDC5Y		100	-100	100
SDC5Z		2000	-1000	1000
SDC5U		100	-0.2	0.2
SDC5V		100	-0.1	0.1

TOFNhits	35	-0.5	34.5
TOFHitPat	34	-0.5	33.5
TOFX		100	-100	100
TOFY		100	-100	100
TOFZ		2000	-1000	1000
TOFU		100	-0.2	0.2
TOFV		100	-0.1	0.1

AC1Nhits	2	-0.5	1.5
AC1HitPat	1	-0.5	0.5
AC1X		100	-100	100
AC1Y		100	-100	100
AC1Z		2000	-1000	1000
AC1U		100	-0.2	0.2
AC1V		100	-0.1	0.1

WCNhits	9	-0.5	8.5
WCHitPat	8	-0.5	7.5
WCX		100	-100	100
WCY		100	-100	100
WCZ		2000	-1000	1000
WCU		100	-0.2	0.2
WCV		100	-0.1	0.1

VPNhits		10	-0.5	9.5
VPHitPat	10	-0.5	9.5
VPX		100	-100	100
VPY		100	-100	100
VPZ		2000	-1000	1000
VPU		100	-0.2	0.2
VPV		100	-0.1	0.1

RC1Nhits	35	-0.5	34.5
RC1HitPat	34	-0.5	33.5
RC1X		100	-100	100
RC1Y		100	-100	100
RC1Z		2000	-1000	1000
RC1U		100	-0.2	0.2
RC1V		100	-0.1	0.1

RC2Nhits	35	-0.5	34.5
RC2HitPat	34	-0.5	33.5
RC2X		100	-100	100
RC2Y		100	-100	100
RC2Z		2000	-1000	1000
RC2U		100	-0.2	0.2
RC2V		100	-0.1	0.1

PD1YNhits	35	-0.5	34.5
PD1YHitPat	34	-0.5	33.5
PD1YX		100	-100	100
PD1YY		100	-100	100
PD1YZ		2000	-1000	1000
PD1YU		100	-0.2	0.2
PD1YV		100	-0.1	0.1

PD1ZNhits	35	-0.5	34.5
PD1ZHitPat	34	-0.5	33.5
PD1ZX		100	-100	100
PD1ZY		100	-100	100
PD1ZZ		2000	-1000	1000
PD1ZU		100	-0.2	0.2
PD1ZV		100	-0.1	0.1

PD2YNhits	35	-0.5	34.5
PD2YHitPat	34	-0.5	33.5
PD2YX		100	-100	100
PD2YY		100	-100	100
PD2YZ		2000	-1000	1000
PD2YU		100	-0.2	0.2
PD2YV		100	-0.1	0.1

PD2ZNhits	35	-0.5	34.5
PD2ZHitPat	34	-0.5	33.5
PD2ZX		100	-100	100
PD2ZY		100	-100	100
PD2ZZ		2000	-1000	1000
PD2ZU		100	-0.2	0.2
PD2ZV		100	-0.1	0.1

#
# TH2
#
# key	nbinsx	xlow	xup	nbinsy	ylow	yup
PTheta	200	0	20	70	0.5	1.2

TGTY%X	100	-100	100	100	-100	100
TGTV%U	100	-0.1	0.1	100	-0.1	0.1
TGTU%X	100	-100	100	100	-0.1	0.1
TGTV%Y	100	-100	100	100	-0.1	0.1

SDC1Y%X	100	-100	100	100	-100	100
SDC1V%U	100	-0.1	0.1	100	-0.1	0.1
SDC1U%X	100	-100	100	100	-0.1	0.1
SDC1V%Y	100	-100	100	100	-0.1	0.1

SDC2Y%X	100	-100	100	100	-100	100
SDC2V%U	100	-0.1	0.1	100	-0.1	0.1
SDC2U%X	100	-100	100	100	-0.1	0.1
SDC2V%Y	100	-100	100	100	-0.1	0.1

SDC3Y%X	100	-100	100	100	-100	100
SDC3V%U	100	-0.1	0.1	100	-0.1	0.1
SDC3U%X	100	-100	100	100	-0.1	0.1
SDC3V%Y	100	-100	100	100	-0.1	0.1

SDC4Y%X	100	-100	100	100	-100	100
SDC4V%U	100	-0.1	0.1	100	-0.1	0.1
SDC4U%X	100	-100	100	100	-0.1	0.1
SDC4V%Y	100	-100	100	100	-0.1	0.1

SDC5Y%X	100	-100	100	100	-100	100
SDC5V%U	100	-0.1	0.1	100	-0.1	0.1
SDC5U%X	100	-100	100	100	-0.1	0.1
SDC5V%Y	100	-100	100	100	-0.1	0.1

TOFY%X	100	-100	100	100	-100	100
TOFV%U	100	-0.1	0.1	100	-0.1	0.1
TOFU%X	100	-100	100	100	-0.1	0.1
TOFV%Y	100	-100	100	100	-0.1	0.1

WCY%X	100	-100	100	100	-100	100
WCV%U	100	-0.1	0.1	100	-0.1	0.1
WCU%X	100	-100	100	100	-0.1	0.1
WCV%Y	100	-100	100	100	-0.1	0.1

AC1Y%X	100	-100	100	100	-100	100
AC1V%U	100	-0.1	0.1	100	-0.1	0.1
AC1U%X	100	-100	100	100	-0.1	0.1
AC1V%Y	100	-100	100	100	-0.1	0.1

VPY%X	100	-100	100	100	-100	100
VPV%U	100	-0.1	0.1	100	-0.1	0.1
VPU%X	100	-100	100	100	-0.1	0.1
VPV%Y	100	-100	100	100	-0.1	0.1

RC1Y%X	100	-100	100	100	-100	100
RC1V%U	100	-0.1	0.1	100	-0.1	0.1
RC1U%X	100	-100	100	100	-0.1	0.1
RC1V%Y	100	-100	100	100	-0.1	0.1

RC2Y%X	100	-100	100	100	-100	100
RC2V%U	100	-0.1	0.1	100	-0.1	0.1
RC2U%X	100	-100	100	100	-0.1	0.1
RC2V%Y	100	-100	100	100	-0.1	0.1

PD1YY%X	100	-100	100	100	-100	100
PD1YV%U	100	-0.1	0.1	100	-0.1	0.1
PD1YU%X	100	-100	100	100	-0.1	0.1
PD1YV%Y	100	-100	100	100	-0.1	0.1

PD1ZY%X	100	-100	100	100	-100	100
PD1ZV%U	100	-0.1	0.1	100	-0.1	0.1
PD1ZU%X	100	-100	100	100	-0.1	0.1
PD1ZV%Y	100	-100	100	100	-0.1	0.1

PD2YY%X	100	-100	100	100	-100	100
PD2YV%U	100	-0.1	0.1	100	-0.1	0.1
PD2YU%X	100	-100	100	100	-0.1	0.1
PD2YV%Y	100	-100	100	100	-0.1	0.1

PD2ZY%X	100	-100	100	100	-100	100
PD2ZV%U	100	-0.1	0.1	100	-0.1	0.1
PD2ZU%X	100	-100	100	100	-0.1	0.1
PD2ZV%Y	100	-100	100	100	-0.1	0.1