#
# HistParam_E70_0
#

#
# TH1
#
# key		nbinsx	xlow	xup

TGTNhits	2	-0.5	1.5
TGTHitPat	1	-0.5	0.5
TGTX		100	-100	100
TGTY		100	-100	100
TGTZ		2000	-1000	1000
TGTU		100	-0.2	0.4
TGTV		100	-0.1	0.1

SDCNhits	35	-0.5	34.5
SDCHitPat	34	-0.5	33.5
SDCX		100	-100	100
SDCY		100	-100	100
SDCZ		2000	-1000	1000
SDCU		100	-0.2	0.2
SDCV		100	-0.1	0.1

TOFNhits	35	-0.5	34.5
TOFHitPat	34	-0.5	33.5
TOFX		100	-100	100
TOFY		100	-100	100
TOFZ		2000	-1000	1000
TOFU		100	-0.2	0.2
TOFV		100	-0.1	0.1

AC1Nhits	2	-0.5	1.5
AC1HitPat	1	-0.5	0.5
AC1X		100	-100	100
AC1Y		100	-100	100
AC1Z		2000	-1000	1000
AC1U		100	-0.2	0.2
AC1V		100	-0.1	0.1

WCNhits	9	-0.5	8.5
WCHitPat	8	-0.5	7.5
WCX		100	-100	100
WCY		100	-100	100
WCZ		2000	-1000	1000
WCU		100	-0.2	0.2
WCV		100	-0.1	0.1

VPNhits		10	-0.5	9.5
VPHitPat	10	-0.5	9.5
VPX		100	-100	100
VPY		100	-100	100
VPZ		2000	-1000	1000
VPU		100	-0.2	0.2
VPV		100	-0.1	0.1

#
# TH2
#
# key	nbinsx	xlow	xup	nbinsy	ylow	yup
PTheta	100	0	20	100	1.0	1.8

TGTY%X	100	-100	100	100	-100	100
TGTV%U	100	-0.1	0.1	100	-0.1	0.1
TGTU%X	100	-100	100	100	-0.1	0.1
TGTV%Y	100	-100	100	100	-0.1	0.1

SDCY%X	100	-100	100	100	-100	100
SDCV%U	100	-0.1	0.1	100	-0.1	0.1
SDCU%X	100	-100	100	100	-0.1	0.1
SDCV%Y	100	-100	100	100	-0.1	0.1

TOFY%X	100	-100	100	100	-100	100
TOFV%U	100	-0.1	0.1	100	-0.1	0.1
TOFU%X	100	-100	100	100	-0.1	0.1
TOFV%Y	100	-100	100	100	-0.1	0.1

WCY%X	100	-100	100	100	-100	100
WCV%U	100	-0.1	0.1	100	-0.1	0.1
WCU%X	100	-100	100	100	-0.1	0.1
WCV%Y	100	-100	100	100	-0.1	0.1

AC1Y%X	100	-100	100	100	-100	100
AC1V%U	100	-0.1	0.1	100	-0.1	0.1
AC1U%X	100	-100	100	100	-0.1	0.1
AC1V%Y	100	-100	100	100	-0.1	0.1

VPY%X	100	-100	100	100	-100	100
VPV%U	100	-0.1	0.1	100	-0.1	0.1
VPU%X	100	-100	100	100	-0.1	0.1
VPV%Y	100	-100	100	100	-0.1	0.1
