#
# HistParam_E72_0
#

#
# TH1
#
# key		nbinsx	xlow	xup

BH2Nhits	9	-0.5	8.5
BH2HitPat	8	-0.5	7.5
BH2X		100	-100	100
BH2Y		100	-100	100
BH2Z		2000	-1000	1000
BH2U		100	-0.2	0.2
BH2V		100	-0.1	0.1

BACNhits	2	-0.5	1.5
BACHitPat	1	-0.5	0.5
BACX		100	-100	100
BACY		100	-100	100
BACZ		2000	-1000	1000
BACU		100	-0.2	0.2
BACV		100	-0.1	0.1

TGTNhits	2	-0.5	1.5
TGTHitPat	1	-0.5	0.5
TGTX		100	-100	100
TGTY		100	-100	100
TGTZ		2000	-1000	1000
TGTU		100	-0.2	0.4
TGTV		100	-0.1	0.1

TOFNhits	35	-0.5	34.5
TOFHitPat	34	-0.5	33.5
TOFX		100	-100	100
TOFY		100	-100	100
TOFZ		2000	-1000	1000
TOFU		100	-0.2	0.2
TOFV		100	-0.1	0.1

#
# TH2
#
# key	nbinsx	xlow	xup	nbinsy	ylow	yup
BH2Y%X	100	-100	100	100	-100	100
BH2V%U	100	-0.1	0.1	100	-0.1	0.1
BH2U%X	100	-100	100	100	-0.1	0.1
BH2V%Y	100	-100	100	100	-0.1	0.1

BACY%X	100	-100	100	100	-100	100
BACV%U	100	-0.1	0.1	100	-0.1	0.1
BACU%X	100	-100	100	100	-0.1	0.1
BACV%Y	100	-100	100	100	-0.1	0.1

TGTY%X	100	-100	100	100	-100	100
TGTV%U	100	-0.1	0.1	100	-0.1	0.1
TGTU%X	100	-100	100	100	-0.1	0.1
TGTV%Y	100	-100	100	100	-0.1	0.1

TOFY%X	100	-100	100	100	-100	100
TOFV%U	100	-0.1	0.1	100	-0.1	0.1
TOFU%X	100	-100	100	100	-0.1	0.1
TOFV%Y	100	-100	100	100	-0.1	0.1
