              0.34202   0.30184   0.00000   0.00000   0.00000  -2.11350
             -2.92548   0.34202   0.00000   0.00000   0.00000  -9.39693
              0.00000   0.00000   1.00000   0.39243   0.00000   0.00000
              0.00000   0.00000   0.00000   1.00000   0.00000   0.00000
              0.93969   0.21135   0.00000   0.00000   1.00000  -0.90593
              0.00000   0.00000   0.00000   0.00000   0.00000   1.00000

              1 11  1.375E-03
              1 12 -3.214E-04   1 22 -3.614E-05
              1 13  0.000E+00   1 23  0.000E+00   1 33  0.000E+00
              1 14  0.000E+00   1 24  0.000E+00   1 34  0.000E+00   1 44  1.057E-04
              1 15  0.000E+00   1 25  0.000E+00   1 35  0.000E+00   1 45  0.000E+00   1 55  0.000E+00
              1 16  8.830E-03   1 26  1.986E-03   1 36  0.000E+00   1 46  0.000E+00   1 56  0.000E+00   1 66  1.418E-02

              2 11  0.000E+00
              2 12  0.000E+00   2 22  4.698E-04
              2 13  0.000E+00   2 23  0.000E+00   2 33  0.000E+00
              2 14  0.000E+00   2 24  0.000E+00   2 34  0.000E+00   2 44  4.698E-04
              2 15  0.000E+00   2 25  0.000E+00   2 35  0.000E+00   2 45  0.000E+00   2 55  0.000E+00
              2 16  2.925E-02   2 26  0.000E+00   2 36  0.000E+00   2 46  0.000E+00   2 56  0.000E+00   2 66  9.397E-02

              3 11  0.000E+00
              3 12  0.000E+00   3 22  0.000E+00
              3 13  0.000E+00   3 23  0.000E+00   3 33  0.000E+00
              3 14 -9.397E-04   3 24 -2.113E-04   3 34  0.000E+00   3 44  0.000E+00
              3 15  0.000E+00   3 25  0.000E+00   3 35  0.000E+00   3 45  0.000E+00   3 55  0.000E+00
              3 16  0.000E+00   3 26  0.000E+00   3 36  0.000E+00   3 46  9.059E-04   3 56  0.000E+00   3 66  0.000E+00

              4 11  0.000E+00
              4 12  0.000E+00   4 22  0.000E+00
              4 13  0.000E+00   4 23  0.000E+00   4 33  0.000E+00
              4 14 -7.412E-12   4 24  1.856E-11   4 34  0.000E+00   4 44  0.000E+00
              4 15  0.000E+00   4 25  0.000E+00   4 35  0.000E+00   4 45  0.000E+00   4 55  0.000E+00
              4 16  0.000E+00   4 26  0.000E+00   4 36  0.000E+00   4 46 -5.960E-10   4 56  0.000E+00   4 66  0.000E+00

              5 11  0.000E+00
              5 12  0.000E+00   5 22 -1.509E-04
              5 13  0.000E+00   5 23  0.000E+00   5 33  0.000E+00
              5 14  0.000E+00   5 24  0.000E+00   5 34  0.000E+00   5 44 -1.509E-04
              5 15  0.000E+00   5 25  0.000E+00   5 35  0.000E+00   5 45  0.000E+00   5 55  0.000E+00
              5 16  0.000E+00   5 26  2.113E-03   5 36  0.000E+00   5 46  0.000E+00   5 56  0.000E+00   5 66  0.000E+00
