              2.20925   0.14105   0.00000   0.00000   0.00000   0.00000
             27.51277   2.20925   0.00000   0.00000   0.00000   0.00000
              0.00000   0.00000   0.14021   0.07089   0.00000   0.00000
              0.00000   0.00000 -13.82811   0.14021   0.00000   0.00000
              0.00000   0.00000   0.00000   0.00000   1.00000   0.00000
              0.00000   0.00000   0.00000   0.00000   0.00000   1.00000

              1 11  0.000E+00
              1 12  0.000E+00   1 22  0.000E+00
              1 13  0.000E+00   1 23  0.000E+00   1 33  0.000E+00
              1 14  0.000E+00   1 24  0.000E+00   1 34  0.000E+00   1 44  0.000E+00
              1 15  0.000E+00   1 25  0.000E+00   1 35  0.000E+00   1 45  0.000E+00   1 55  0.000E+00
              1 16 -1.409E-02   1 26 -4.259E-04   1 36  0.000E+00   1 46  0.000E+00   1 56  0.000E+00   1 66  0.000E+00

              2 11  0.000E+00
              2 12  0.000E+00   2 22  0.000E+00
              2 13  0.000E+00   2 23  0.000E+00   2 33  0.000E+00
              2 14  0.000E+00   2 24  0.000E+00   2 34  0.000E+00   2 44  0.000E+00
              2 15  0.000E+00   2 25  0.000E+00   2 35  0.000E+00   2 45  0.000E+00   2 55  0.000E+00
              2 16 -3.582E-01   2 26 -1.409E-02   2 36  0.000E+00   2 46  0.000E+00   2 56  0.000E+00   2 66  0.000E+00

              3 11  0.000E+00
              3 12  0.000E+00   3 22  0.000E+00
              3 13  0.000E+00   3 23  0.000E+00   3 33  0.000E+00
              3 14  0.000E+00   3 24  0.000E+00   3 34  0.000E+00   3 44  0.000E+00
              3 15  0.000E+00   3 25  0.000E+00   3 35  0.000E+00   3 45  0.000E+00   3 55  0.000E+00
              3 16  0.000E+00   3 26  0.000E+00   3 36  7.080E-03   3 46  2.827E-04   3 56  0.000E+00   3 66  0.000E+00

              4 11  0.000E+00
              4 12  0.000E+00   4 22  0.000E+00
              4 13  0.000E+00   4 23  0.000E+00   4 33  0.000E+00
              4 14  0.000E+00   4 24  0.000E+00   4 34  0.000E+00   4 44  0.000E+00
              4 15  0.000E+00   4 25  0.000E+00   4 35  0.000E+00   4 45  0.000E+00   4 55  0.000E+00
              4 16  0.000E+00   4 26  0.000E+00   4 36  8.314E-02   4 46  7.080E-03   4 56  0.000E+00   4 66  0.000E+00

              5 11 -1.020E-02
              5 12 -1.940E-03   5 22 -1.035E-04
              5 13  0.000E+00   5 23  0.000E+00   5 33 -4.509E-03
              5 14  0.000E+00   5 24  0.000E+00   5 34  4.902E-04   5 44 -2.808E-05
              5 15  0.000E+00   5 25  0.000E+00   5 35  0.000E+00   5 45  0.000E+00   5 55  0.000E+00
              5 16  0.000E+00   5 26  0.000E+00   5 36  0.000E+00   5 46  0.000E+00   5 56  0.000E+00   5 66  0.000E+00
